   1.6000000e+00   4.3377571e+02
   1.6500000e+00   4.0865837e+02
   1.7000000e+00   3.7532348e+02
   1.7500000e+00   3.6280346e+02
   1.8000000e+00   3.4217266e+02
   1.8500000e+00   3.3159748e+02
   1.9000000e+00   3.2207687e+02
   1.9500000e+00   2.9643073e+02
   2.0000000e+00   2.9117644e+02
   2.0500000e+00   2.7526504e+02
   2.1000000e+00   2.6191210e+02
   2.1500000e+00   2.5589425e+02
   2.2000000e+00   2.5265678e+02
   2.2500000e+00   2.6025935e+02
   2.3000000e+00   2.6021875e+02
   2.3500000e+00   2.5921197e+02
   2.4000000e+00   2.5883031e+02
   2.4500000e+00   2.5726999e+02
   2.5000000e+00   2.5608241e+02
   2.5500000e+00   2.5816411e+02
   2.6000000e+00   2.5661426e+02
   2.6500000e+00   2.5846334e+02
   2.7000000e+00   2.6037471e+02
   2.7500000e+00   2.6037471e+02
   2.8000000e+00   2.5826366e+02
   2.8500000e+00   2.5826366e+02
   2.9000000e+00   2.6111197e+02
   2.9500000e+00   2.5780023e+02
   3.0000000e+00   2.5780023e+02
   3.0500000e+00   2.5577693e+02
   3.1000000e+00   2.5421097e+02
   3.1500000e+00   2.5292854e+02
   3.2000000e+00   2.5292854e+02
   3.2500000e+00   2.5259549e+02
   3.3000000e+00   2.5441832e+02
   3.3500000e+00   2.5449504e+02
   3.4000000e+00   2.5540281e+02
   3.4500000e+00   2.5128157e+02
   3.5000000e+00   2.4793955e+02
   3.5500000e+00   2.5196437e+02
   3.6000000e+00   2.4941684e+02
   3.6500000e+00   2.4990608e+02
   3.7000000e+00   2.5123471e+02
   3.7500000e+00   2.5176978e+02
   3.8000000e+00   2.5446550e+02
   3.8500000e+00   2.5819190e+02
   3.9000000e+00   2.6296096e+02
   3.9500000e+00   2.5923162e+02
   4.0000000e+00   2.5878024e+02
   4.0500000e+00   2.5905247e+02
   4.1000000e+00   2.6340532e+02
   4.1500000e+00   2.6469761e+02
   4.2000000e+00   2.6186080e+02
   4.2500000e+00   2.6386140e+02
   4.3000000e+00   2.6262976e+02
   4.3500000e+00   2.6371819e+02
   4.4000000e+00   2.6757528e+02
   4.4500000e+00   2.6482665e+02
   4.5000000e+00   2.5724663e+02
   4.5500000e+00   2.5179094e+02
   4.6000000e+00   2.5362467e+02
   4.6500000e+00   2.5715168e+02
   4.7000000e+00   2.6009388e+02
   4.7500000e+00   2.6366187e+02
   4.8000000e+00   2.6429668e+02
   4.8500000e+00   2.7009336e+02
   4.9000000e+00   2.7563312e+02
   4.9500000e+00   2.7450082e+02
   5.0000000e+00   2.7515433e+02
